1.000000000000000000e+00 1.000000000000000021e-03
9.799999999999999822e-01 4.143747762130149496e-03
9.549999999999999600e-01 8.110739612421041453e-03
9.350000000000000533e-01 1.132614064368494926e-02
9.100000000000000311e-01 1.532792980012978937e-02
8.800000000000000044e-01 2.021647838182886667e-02
8.449999999999999734e-01 2.591963946670304206e-02
8.100000000000000533e-01 3.165009463529699918e-02
7.700000000000000178e-01 3.819515169444917535e-02
7.299999999999999822e-01 4.475887158670826399e-02
6.899999999999999467e-01 5.143545208783557865e-02
6.500000000000000222e-01 5.802071191283789120e-02
6.099999999999999867e-01 6.461169414609284345e-02
5.699999999999999512e-01 7.100635146195537206e-02
5.300000000000000266e-01 7.670329976359180346e-02
4.899999999999999911e-01 8.160162841359791530e-02
4.500000000000000111e-01 8.560075668064257015e-02
4.099999999999999756e-01 8.870032738193439625e-02
3.699999999999999956e-01 9.050012996173979751e-02
3.300000000000000155e-01 9.140004641148440079e-02
2.899999999999999800e-01 9.090001450714596531e-02
2.550000000000000044e-01 8.920000455891635704e-02
2.250000000000000056e-01 8.670000147789187761e-02
2.000000000000000111e-01 8.380000051199999744e-02
1.799999999999999933e-01 8.080000019835928415e-02
1.600000000000000033e-01 7.750000006871947400e-02
1.400000000000000133e-01 7.370000002066104394e-02
1.199999999999999956e-01 6.910000000515977014e-02
1.019999999999999934e-01 6.450000000119508747e-02
8.500000000000000611e-02 5.930000000023161882e-02
7.000000000000000666e-02 5.410000000004035886e-02
5.999999999999999778e-02 5.025000000001007827e-02
5.000000000000000278e-02 4.605000000000195048e-02
4.000000000000000083e-02 4.150000000000026584e-02
2.999999999999999889e-02 3.615000000000002239e-02
2.000000000000000042e-02 2.980000000000000010e-02
1.000000000000000021e-02 2.179999999999999993e-02
5.000000000000000104e-03 1.650000000000000078e-02
0.000000000000000000e+00 0.000000000000000000e+00
5.000000000000000104e-03 -5.749999999999999903e-03
1.000000000000000021e-02 -8.099999999999999561e-03
2.000000000000000042e-02 -1.089999999999999997e-02
2.999999999999999889e-02 -1.290000000000001909e-02
4.000000000000000083e-02 -1.445000000000026125e-02
5.000000000000000278e-02 -1.585000000000195280e-02
5.999999999999999778e-02 -1.710000000001007936e-02
7.000000000000000666e-02 -1.805000000004035321e-02
8.500000000000000611e-02 -1.985000000023161640e-02
1.019999999999999934e-01 -2.145000000119509295e-02
1.199999999999999956e-01 -2.285000000515977764e-02
1.400000000000000133e-01 -2.410000002066104569e-02
1.600000000000000033e-01 -2.510000006871947881e-02
1.799999999999999933e-01 -2.600000019835928960e-02
2.000000000000000111e-01 -2.660000051200000007e-02
2.250000000000000056e-01 -2.730000147789187967e-02
2.550000000000000044e-01 -2.800000455891635265e-02
2.899999999999999800e-01 -2.850001450714597859e-02
3.300000000000000155e-01 -2.890004641148440079e-02
3.699999999999999956e-01 -2.900012996173979493e-02
4.099999999999999756e-01 -2.850032738193439621e-02
4.500000000000000111e-01 -2.750075668064257822e-02
4.899999999999999911e-01 -2.600162841359790825e-02
5.300000000000000266e-01 -2.400329976359180315e-02
5.699999999999999512e-01 -2.200635146195538405e-02
6.099999999999999867e-01 -1.991169414609283636e-02
6.500000000000000222e-01 -1.792071191283789097e-02
6.899999999999999467e-01 -1.583545208783557895e-02
7.299999999999999822e-01 -1.385887158670826708e-02
7.700000000000000178e-01 -1.179515169444917203e-02
8.100000000000000533e-01 -9.850094635296999246e-03
8.449999999999999734e-01 -8.129639466703041800e-03
8.800000000000000044e-01 -6.446478381828865678e-03
9.100000000000000311e-01 -5.017929800129788780e-03
9.350000000000000533e-01 -3.866140643684950074e-03
9.549999999999999600e-01 -2.960739612421041389e-03
9.799999999999999822e-01 -1.853747762130149995e-03
1.000000000000000000e+00 -1.000000000000000021e-03
