9.999970000000000248e-01 1.260000000000000052e-03
9.993119999999999781e-01 1.353999999999999952e-03
9.972579999999999778e-01 1.637000000000000000e-03
9.938409999999999744e-01 2.108000000000000065e-03
9.890710000000000335e-01 2.763999999999999964e-03
9.829630000000000312e-01 3.603999999999999999e-03
9.755329999999999835e-01 4.624999999999999771e-03
9.668029999999999680e-01 5.823000000000000051e-03
9.567980000000000373e-01 7.193999999999999874e-03
9.455470000000000264e-01 8.732999999999999444e-03
9.330819999999999670e-01 1.043499999999999983e-02
9.194379999999999775e-01 1.229599999999999964e-02
9.046530000000000404e-01 1.430700000000000027e-02
8.887690000000000312e-01 1.646399999999999947e-02
8.718299999999999939e-01 1.875900000000000137e-02
8.538839999999999764e-01 2.118400000000000144e-02
8.349800000000000555e-01 2.373099999999999862e-02
8.151690000000000325e-01 2.639100000000000126e-02
7.945069999999999633e-01 2.915299999999999836e-02
7.730489999999999862e-01 3.200800000000000173e-02
7.508550000000000502e-01 3.494300000000000184e-02
7.279830000000000467e-01 3.794600000000000056e-02
7.044970000000000399e-01 4.100299999999999778e-02
6.804580000000000073e-01 4.409799999999999831e-02
6.559329999999999883e-01 4.721500000000000002e-02
6.309850000000000181e-01 5.033599999999999880e-02
6.056829999999999714e-01 5.344299999999999745e-02
5.800939999999999985e-01 5.651599999999999679e-02
5.542859999999999454e-01 5.953399999999999664e-02
5.283280000000000198e-01 6.247300000000000075e-02
5.022900000000000142e-01 6.531299999999999606e-02
4.762399999999999967e-01 6.802900000000000613e-02
4.502499999999999836e-01 7.059899999999999509e-02
4.243879999999999875e-01 7.299799999999999345e-02
3.987249999999999961e-01 7.520399999999999308e-02
3.733290000000000219e-01 7.719399999999999873e-02
3.482700000000000240e-01 7.894800000000000428e-02
3.236140000000000128e-01 8.044700000000000462e-02
2.993319999999999870e-01 8.166299999999999948e-02
2.753769999999999829e-01 8.251799999999999413e-02
2.518369999999999775e-01 8.291999999999999371e-02
2.288040000000000074e-01 8.279300000000000548e-02
2.063760000000000039e-01 8.207699999999999718e-02
1.846530000000000116e-01 8.073299999999999921e-02
1.637359999999999927e-01 7.874100000000000543e-02
1.437279999999999947e-01 7.610200000000000298e-02
1.247260000000000035e-01 7.283499999999999697e-02
1.068270000000000053e-01 6.897999999999999965e-02
9.011700000000000266e-02 6.459399999999999864e-02
7.467400000000000426e-02 5.974499999999999950e-02
6.056799999999999684e-02 5.451700000000000296e-02
4.785500000000000170e-02 4.899699999999999889e-02
3.658100000000000240e-02 4.327899999999999803e-02
2.677900000000000072e-02 3.745400000000000118e-02
1.847199999999999884e-02 3.161200000000000121e-02
1.166999999999999982e-02 2.583399999999999933e-02
6.374999999999999591e-03 2.019400000000000014e-02
2.579000000000000129e-03 1.475100000000000022e-02
2.680000000000000090e-04 9.551999999999999727e-03
-5.829999999999999679e-04 4.629999999999999567e-03
0.000000000000000000e+00 0.000000000000000000e+00
1.953000000000000092e-03 -4.237000000000000315e-03
5.211000000000000354e-03 -7.993999999999999370e-03
9.731999999999999332e-03 -1.129100000000000069e-02
1.547699999999999944e-02 -1.416000000000000071e-02
2.240400000000000030e-02 -1.663699999999999901e-02
3.047199999999999909e-02 -1.876500000000000043e-02
3.964000000000000162e-02 -2.059100000000000166e-02
4.987300000000000066e-02 -2.216200000000000114e-02
6.113799999999999790e-02 -2.352900000000000130e-02
7.340700000000000003e-02 -2.474000000000000157e-02
8.665499999999999592e-02 -2.584099999999999939e-02
1.008659999999999973e-01 -2.687499999999999958e-02
1.160270000000000051e-01 -2.787900000000000100e-02
1.321289999999999965e-01 -2.888800000000000048e-02
1.491659999999999930e-01 -2.992500000000000021e-02
1.671330000000000038e-01 -3.101100000000000037e-02
1.860269999999999979e-01 -3.215300000000000102e-02
2.058389999999999942e-01 -3.334999999999999770e-02
2.265570000000000084e-01 -3.459000000000000269e-02
2.481629999999999947e-01 -3.584799999999999792e-02
2.706319999999999837e-01 -3.708399999999999891e-02
2.939309999999999978e-01 -3.824500000000000122e-02
3.180180000000000229e-01 -3.926400000000000029e-02
3.427129999999999899e-01 -4.007100000000000245e-02
3.678520000000000123e-01 -4.065599999999999770e-02
3.933630000000000182e-01 -4.102299999999999697e-02
4.191770000000000218e-01 -4.118000000000000133e-02
4.452209999999999779e-01 -4.113399999999999695e-02
4.714240000000000097e-01 -4.089399999999999979e-02
4.977099999999999858e-01 -4.046799999999999703e-02
5.240080000000000293e-01 -3.986699999999999966e-02
5.502420000000000089e-01 -3.909900000000000181e-02
5.763399999999999634e-01 -3.817500000000000060e-02
6.022279999999999855e-01 -3.710499999999999909e-02
6.278340000000000032e-01 -3.590000000000000135e-02
6.530839999999999979e-01 -3.457099999999999757e-02
6.779100000000000126e-01 -3.312799999999999773e-02
7.022399999999999753e-01 -3.158400000000000096e-02
7.260069999999999579e-01 -2.995000000000000093e-02
7.491449999999999498e-01 -2.824000000000000121e-02
7.715899999999999981e-01 -2.646599999999999994e-02
7.932780000000000387e-01 -2.464300000000000171e-02
8.141509999999999581e-01 -2.278499999999999970e-02
8.341509999999999758e-01 -2.090699999999999850e-02
8.532229999999999537e-01 -1.902500000000000024e-02
8.713140000000000329e-01 -1.715500000000000011e-02
8.883769999999999722e-01 -1.531399999999999949e-02
9.043639999999999457e-01 -1.352000000000000077e-02
9.192329999999999668e-01 -1.178799999999999987e-02
9.329429999999999668e-01 -1.013700000000000018e-02
9.454590000000000494e-01 -8.583000000000000351e-03
9.567470000000000141e-01 -7.141999999999999911e-03
9.667769999999999975e-01 -5.828999999999999980e-03
9.755239999999999467e-01 -4.660000000000000080e-03
9.829630000000000312e-01 -3.647000000000000068e-03
9.890759999999999552e-01 -2.801000000000000104e-03
9.938470000000000359e-01 -2.132999999999999913e-03
9.972640000000000393e-01 -1.649999999999999991e-03
9.993180000000000396e-01 -1.358000000000000049e-03
1.000002999999999975e+00 -1.260000000000000052e-03
