1.000000000000000000e+00 1.000000000000000021e-03
9.991900000000000226e-01 1.002733575013151253e-03
9.967799999999999994e-01 1.051390471457113720e-03
9.928200000000000358e-01 1.187205126587556180e-03
9.873399999999999954e-01 1.421662674204775311e-03
9.804100000000000037e-01 1.776892336363637432e-03
9.720900000000000096e-01 2.245100968685595152e-03
9.624200000000000532e-01 2.798405224224179057e-03
9.514299999999999979e-01 3.408839220724442075e-03
9.391399999999999748e-01 4.058293967941028688e-03
9.255700000000000038e-01 4.758520964484204765e-03
9.107600000000000140e-01 5.521157093706464090e-03
8.947500000000000453e-01 6.347549099921882473e-03
8.775899999999999812e-01 7.238762815814646021e-03
8.593399999999999928e-01 8.205555509130662770e-03
8.400600000000000289e-01 9.238349639762211823e-03
8.197999999999999732e-01 1.033725196382201048e-02
7.986400000000000166e-01 1.150217810552444514e-02
7.766300000000000425e-01 1.273278446124932912e-02
7.538399999999999546e-01 1.400861630048423449e-02
7.303399999999999892e-01 1.534911882374490923e-02
7.062000000000000499e-01 1.673368671798316359e-02
6.815099999999999492e-01 1.818171393229907687e-02
6.563400000000000345e-01 1.965260267572950179e-02
6.307800000000000074e-01 2.114580888474286435e-02
6.049099999999999477e-01 2.265084468336937482e-02
5.787799999999999612e-01 2.413728822277844480e-02
5.524900000000000366e-01 2.560479644861054019e-02
5.260899999999999466e-01 2.705308702694805140e-02
4.996900000000000230e-01 2.844194225355155953e-02
4.733299999999999730e-01 2.978119254913344852e-02
4.470999999999999974e-01 3.105071390763861072e-02
4.210800000000000098e-01 3.224041618030904638e-02
3.953300000000000147e-01 3.334023585112495108e-02
3.699299999999999811e-01 3.433012974062097517e-02
3.449300000000000144e-01 3.521006911601905209e-02
3.204199999999999826e-01 3.597003560217616053e-02
2.964700000000000113e-01 3.659001769403085608e-02
2.731199999999999739e-01 3.705000845632243356e-02
2.504299999999999859e-01 3.735000387415669115e-02
2.284700000000000064e-01 3.749000169614367245e-02
2.073000000000000120e-01 3.746000070695817280e-02
1.869699999999999973e-01 3.722000027922053866e-02
1.675099999999999922e-01 3.680000010384047032e-02
1.489800000000000013e-01 3.618000003615361171e-02
1.314400000000000013e-01 3.536000001170976070e-02
1.149000000000000021e-01 3.430000000349044120e-02
9.939000000000000612e-02 3.302000000094642423e-02
8.493000000000000549e-02 3.154000000022990496e-02
7.159000000000000086e-02 2.984000000004939299e-02
5.936999999999999916e-02 2.790000000000916400e-02
4.823999999999999816e-02 2.576000000000141718e-02
3.824999999999999928e-02 2.344000000000017597e-02
2.945000000000000048e-02 2.094000000000001763e-02
2.181999999999999912e-02 1.821000000000000049e-02
1.528000000000000018e-02 1.532000000000000028e-02
9.879999999999999893e-03 1.234999999999999987e-02
5.680000000000000153e-03 9.339999999999999344e-03
2.690000000000000117e-03 6.179999999999999730e-03
7.600000000000000418e-04 2.990000000000000036e-03
0.000000000000000000e+00 0.000000000000000000e+00
7.600000000000000418e-04 -2.990000000000000036e-03
2.690000000000000117e-03 -6.179999999999999730e-03
5.680000000000000153e-03 -9.339999999999999344e-03
9.879999999999999893e-03 -1.234999999999999987e-02
1.528000000000000018e-02 -1.532000000000000028e-02
2.181999999999999912e-02 -1.821000000000000049e-02
2.945000000000000048e-02 -2.094000000000001763e-02
3.824999999999999928e-02 -2.344000000000017597e-02
4.823999999999999816e-02 -2.576000000000141718e-02
5.936999999999999916e-02 -2.790000000000916400e-02
7.159000000000000086e-02 -2.984000000004939299e-02
8.493000000000000549e-02 -3.154000000022990496e-02
9.939000000000000612e-02 -3.302000000094642423e-02
1.149000000000000021e-01 -3.430000000349044120e-02
1.314400000000000013e-01 -3.536000001170976070e-02
1.489800000000000013e-01 -3.618000003615361171e-02
1.675099999999999922e-01 -3.680000010384047032e-02
1.869699999999999973e-01 -3.722000027922053866e-02
2.073000000000000120e-01 -3.746000070695817280e-02
2.284700000000000064e-01 -3.749000169614367245e-02
2.504299999999999859e-01 -3.735000387415669115e-02
2.731199999999999739e-01 -3.705000845632243356e-02
2.964700000000000113e-01 -3.659001769403085608e-02
3.204199999999999826e-01 -3.597003560217616053e-02
3.449300000000000144e-01 -3.521006911601905209e-02
3.699299999999999811e-01 -3.433012974062097517e-02
3.953300000000000147e-01 -3.334023585112495108e-02
4.210800000000000098e-01 -3.224041618030904638e-02
4.470999999999999974e-01 -3.105071390763861072e-02
4.733299999999999730e-01 -2.978119254913344852e-02
4.996900000000000230e-01 -2.844194225355155953e-02
5.260899999999999466e-01 -2.705308702694805140e-02
5.524900000000000366e-01 -2.560479644861054019e-02
5.787799999999999612e-01 -2.413728822277844480e-02
6.049099999999999477e-01 -2.265084468336937482e-02
6.307800000000000074e-01 -2.114580888474286435e-02
6.563400000000000345e-01 -1.965260267572950179e-02
6.815099999999999492e-01 -1.818171393229907687e-02
7.062000000000000499e-01 -1.673368671798316359e-02
7.303399999999999892e-01 -1.534911882374490923e-02
7.538399999999999546e-01 -1.400861630048423449e-02
7.766300000000000425e-01 -1.273278446124932912e-02
7.986400000000000166e-01 -1.150217810552444514e-02
8.197999999999999732e-01 -1.033725196382201048e-02
8.400600000000000289e-01 -9.238349639762211823e-03
8.593399999999999928e-01 -8.205555509130662770e-03
8.775899999999999812e-01 -7.238762815814646021e-03
8.947500000000000453e-01 -6.347549099921882473e-03
9.107600000000000140e-01 -5.521157093706464090e-03
9.255700000000000038e-01 -4.758520964484204765e-03
9.391399999999999748e-01 -4.058293967941028688e-03
9.514299999999999979e-01 -3.408839220724442075e-03
9.624200000000000532e-01 -2.798405224224179057e-03
9.720900000000000096e-01 -2.245100968685595152e-03
9.804100000000000037e-01 -1.776892336363637432e-03
9.873399999999999954e-01 -1.421662674204775311e-03
9.928200000000000358e-01 -1.187205126587556180e-03
9.967799999999999994e-01 -1.051390471457113720e-03
9.991900000000000226e-01 -1.002733575013151253e-03
1.000000000000000000e+00 -1.000000000000000021e-03
