1.000000000000000000e+00 1.000000000000000021e-03
9.972999999999999643e-01 1.565960793306109093e-03
9.891799999999999482e-01 3.256729910034960457e-03
9.757799999999999807e-01 6.001986783784154719e-03
9.572000000000000508e-01 9.734565629886400562e-03
9.336499999999999799e-01 1.433908458555675607e-02
9.053499999999999881e-01 1.967864722428724900e-02
8.726000000000000423e-01 2.561331675916126913e-02
8.357700000000000129e-01 3.194896697748718373e-02
7.952000000000000179e-01 3.851714150340326825e-02
7.513800000000000479e-01 4.513633727952461733e-02
7.047499999999999876e-01 5.162288602168933760e-02
6.558300000000000241e-01 5.779244509824366105e-02
6.051299999999999457e-01 6.348088023202443086e-02
5.532200000000000450e-01 6.852485378852883613e-02
5.006699999999999484e-01 7.276197680633617049e-02
4.480700000000000238e-01 7.606072796886470533e-02
3.959699999999999886e-01 7.830023930983770475e-02
3.445500000000000229e-01 7.912006843374201626e-02
2.948500000000000010e-01 7.831001684264089768e-02
2.474500000000000033e-01 7.588000347846088345e-02
2.029199999999999893e-01 7.193000058334257651e-02
1.617500000000000049e-01 6.659000007578767810e-02
1.244799999999999934e-01 6.006000000717622717e-02
9.148000000000000576e-02 5.253000000044867612e-02
6.317000000000000393e-02 4.427000000001601182e-02
3.984999999999999654e-02 3.553000000000025582e-02
2.170000000000000054e-02 2.654000000000000109e-02
8.970000000000000542e-03 1.752000000000000085e-02
1.719999999999999958e-03 8.619999999999999191e-03
0.000000000000000000e+00 0.000000000000000000e+00
3.749999999999999861e-03 -7.939999999999999142e-03
1.290000000000000001e-02 -1.482999999999999943e-02
2.723000000000000073e-02 -2.061000000000000679e-02
4.662000000000000172e-02 -2.531000000000104000e-02
7.080000000000000182e-02 -2.893000000004470121e-02
9.947999999999999898e-02 -3.151000000095416365e-02
1.323799999999999977e-01 -3.310000001248536439e-02
1.691199999999999926e-01 -3.379000011317610103e-02
2.093200000000000061e-01 -3.368000077143001869e-02
2.525499999999999967e-01 -3.291000417951950308e-02
2.984200000000000186e-01 -3.165001876944081860e-02
3.464200000000000057e-01 -3.005007184997415468e-02
3.961200000000000276e-01 -2.830024012696589000e-02
4.474000000000000199e-01 -2.637071823045723795e-02
4.993299999999999961e-01 -2.415192969617166799e-02
5.513200000000000323e-01 -2.174470580283813584e-02
6.028000000000000025e-01 -1.926050894678288036e-02
6.532000000000000028e-01 -1.679164789060386825e-02
7.019800000000000484e-01 -1.440139259460128038e-02
7.486199999999999521e-01 -1.215385039613426331e-02
7.925699999999999967e-01 -1.006340667933035456e-02
8.333700000000000552e-01 -8.173883460429742787e-03
8.705300000000000260e-01 -6.497113544295424377e-03
9.036800000000000388e-01 -5.031912983794456853e-03
9.323799999999999866e-01 -3.792520758719092940e-03
9.563300000000000134e-01 -2.779067628589964017e-03
9.752800000000000358e-01 -1.998295836719224915e-03
9.889499999999999957e-01 -1.444834212390448420e-03
9.972299999999999498e-01 -1.105344446467165179e-03
1.000000000000000000e+00 -1.000000000000000021e-03
