1.000000000000000000e+00 1.000000000000000021e-03
9.989299999999999846e-01 1.380411113661371555e-03
9.957200000000000495e-01 2.522132918669421197e-03
9.903899999999999926e-01 4.406761189672078749e-03
9.829599999999999449e-01 6.956687849687183921e-03
9.734699999999999465e-01 1.010506054124266605e-02
9.619400000000000173e-01 1.373523175272802627e-02
9.484399999999999498e-01 1.778099593407692774e-02
9.330100000000000060e-01 2.219576789644951004e-02
9.157300000000000439e-01 2.697280058585167783e-02
8.966800000000000326e-01 3.208474629543148215e-02
8.759200000000000319e-01 3.747351487815618609e-02
8.535500000000000309e-01 4.307046988744644977e-02
8.296700000000000186e-01 4.881627238732998836e-02
8.043799999999999839e-01 5.467097800949385911e-02
7.777899999999999814e-01 6.058417444522852524e-02
7.500000000000000000e-01 6.649508468627930713e-02
7.211400000000000032e-01 7.232274438951939721e-02
6.913399999999999546e-01 7.798607656399232646e-02
6.607199999999999740e-01 8.343399700698625465e-02
6.294100000000000250e-01 8.859550253597769931e-02
5.975500000000000256e-01 9.341971333252577225e-02
5.652599999999999847e-01 9.785589161402855063e-02
5.326999999999999513e-01 1.018534541744788025e-01
5.000000000000000000e-01 1.053819531249999969e-01
4.672999999999999932e-01 1.083710625809588685e-01
4.347400000000000153e-01 1.107605547105290078e-01
4.024499999999999744e-01 1.124802769538364722e-01
3.705899999999999750e-01 1.134501318388072277e-01
3.392800000000000260e-01 1.136100595695521548e-01
3.086599999999999899e-01 1.129400254286419408e-01
2.788599999999999968e-01 1.114100101970842416e-01
2.500000000000000000e-01 1.090300038146972683e-01
2.222099999999999909e-01 1.058400013209074703e-01
1.956199999999999883e-01 1.019000004194877684e-01
1.703300000000000092e-01 9.726000012067582967e-02
1.464499999999999968e-01 9.195000003098877106e-02
1.240799999999999959e-01 8.607000000697133391e-02
1.033199999999999952e-01 7.970000000134171148e-02
8.426999999999999769e-02 7.283000000021432052e-02
6.698999999999999400e-02 6.541000000002716863e-02
5.156000000000000166e-02 5.753000000000257214e-02
3.805999999999999661e-02 4.937000000000016375e-02
2.653000000000000150e-02 4.118000000000000826e-02
1.703999999999999959e-02 3.302999999999999686e-02
9.610000000000000486e-03 2.488999999999999893e-02
4.279999999999999950e-03 1.653999999999999915e-02
1.069999999999999988e-03 8.250000000000000389e-03
0.000000000000000000e+00 7.500000000000000156e-04
1.069999999999999988e-03 -5.660000000000000100e-03
4.279999999999999950e-03 -1.102000000000000028e-02
9.610000000000000486e-03 -1.590000000000000094e-02
1.703999999999999959e-02 -2.060999999999999985e-02
2.653000000000000150e-02 -2.502000000000000751e-02
3.805999999999999661e-02 -2.915000000000016536e-02
5.156000000000000166e-02 -3.281000000000257322e-02
6.698999999999999400e-02 -3.582000000002717038e-02
8.426999999999999769e-02 -3.817000000021431722e-02
1.033199999999999952e-01 -3.991000000134171249e-02
1.240799999999999959e-01 -4.106000000697133945e-02
1.464499999999999968e-01 -4.166000003098877663e-02
1.703300000000000092e-01 -4.177000012067583895e-02
1.956199999999999883e-01 -4.147000041948775695e-02
2.222099999999999909e-01 -4.078000132090746355e-02
2.500000000000000000e-01 -3.974000381469726395e-02
2.788599999999999968e-01 -3.845001019708424450e-02
3.086599999999999899e-01 -3.700002542864194721e-02
3.392800000000000260e-01 -3.547005956955215367e-02
3.705899999999999750e-01 -3.390013183880723896e-02
4.024499999999999744e-01 -3.229027695383647478e-02
4.347400000000000153e-01 -3.063055471052900797e-02
4.672999999999999932e-01 -2.891106258095887602e-02
5.000000000000000000e-01 -2.713195312500000025e-02
5.326999999999999513e-01 -2.529345417447881328e-02
5.652599999999999847e-01 -2.340589161402854834e-02
5.975500000000000256e-01 -2.149971333252576403e-02
6.294100000000000250e-01 -1.959550253597769701e-02
6.607199999999999740e-01 -1.774399700698625279e-02
6.913399999999999546e-01 -1.599607656399231609e-02
7.211400000000000032e-01 -1.435274438951939478e-02
7.500000000000000000e-01 -1.284508468627929695e-02
7.777899999999999814e-01 -1.146417444522852477e-02
8.043799999999999839e-01 -1.020097800949385479e-02
8.296700000000000186e-01 -9.046272387329988562e-03
8.535500000000000309e-01 -7.990469887446451439e-03
8.759200000000000319e-01 -7.043514878156183906e-03
8.966800000000000326e-01 -6.204746295431478459e-03
9.157300000000000439e-01 -5.472800585851680423e-03
9.330100000000000060e-01 -4.845767896449510934e-03
9.484399999999999498e-01 -4.260995934076925243e-03
9.619400000000000173e-01 -3.675231752728026335e-03
9.734699999999999465e-01 -3.055060541242665337e-03
9.829599999999999449e-01 -2.416687849687183288e-03
9.903899999999999926e-01 -1.836761189672078513e-03
9.957200000000000495e-01 -1.382132918669421243e-03
9.989299999999999846e-01 -1.100411113661371688e-03
1.000000000000000000e+00 -1.000000000000000021e-03
